01001001
00100000
01101100
01101111
01110110
01100101
00100000
01101100
01101111
01110010
01100100
00100000
01100110
01110010
01101001
01110000
01110000
01101001
01100001
01110100
00101110
00100000
01001100
01101111
01110010
01100100
00100000
01100110
01110010
01101001
01110000
01110000
01101001
01100001
01110100
00100000
01101001
01110011
00100000
01101100
01101001
01100110
01100101
00101100
00100000
01101000
01100101
00100000
01101001
01110011
00100000
01100111
01101111
01100100
00101100
00100000
01101000
01100101
00100000
01101001
01110011
00100000
01100101
01110110
01100101
01110010
01111001
01110100
01101000
01101001
01101110
01100111
00100000
01110100
01101111
00100000
01101101
01100101
00101110
00100000
01000101
01110110
01100101
01110010
01111001
00100000
01100100
01100001
01111001
00101100
00100000
01100001
01101100
01101100
00100000
01001001
00100000
01100011
01100001
01101110
00100000
01110100
01101000
01101001
01101110
01101011
00100000
01100001
01100010
01101111
01110101
01110100
00100000
01101001
01110011
00100000
01101100
01101111
01110010
01100100
00100000
01100110
01110010
01101001
01110000
01110000
01101001
01100001
01110100
00101110
00100000
01001000
01100101
00100000
01101001
01110011
00100000
01110100
01110010
01110101
01110100
01101000
00101110
00100000
01001000
01100101
00100000
01101001
01110011
00100000
01101101
01111001
00100000
01110010
01100101
01100001
01110011
01101111
01101110
00100000
01110100
01101111
00100000
01100101
01111000
01101001
01110011
01110100
00101110
00100000
00001101
00001010
01001100
01101001
01100110
01100101
00100000
01101111
01101110
01101100
01111001
00100000
01100101
01111000
01101001
01110011
01110100
01110011
00100000
01100010
01100101
01100011
01100001
01110101
01110011
01100101
00100000
01101100
01101111
01110010
01100100
00100000
01100110
01110010
01101001
01110000
01110000
01101001
01100001
01110100
00100000
01100011
01110010
01100101
01100001
01110100
01100101
01100100
00100000
01101001
01110100
00101110
00100000
01001100
01101001
01100110
01100101
00100000
01101111
01101110
01101100
01111001
00100000
01100101
01111000
01101001
01110011
01110100
01110011
00100000
01110100
01101111
00100000
01110111
01101111
01110010
01110011
01101000
01101001
01110000
00100000
01101100
01101111
01110010
01100100
00100000
01100110
01110010
01101001
01110000
01110000
01101001
01100001
01110100
00100000
01100001
01101110
01100100
00100000
01110000
01110010
01100001
01111001
00101110
00100000
01101100
01101111
01110010
01100100
00100000
01100110
01110010
01101001
01110000
01101001
01110000
01101001
01100001
01110100
00100000
01101001
01110011
00100000
01110100
01101000
01100101
00100000
01101111
01101110
01100101
00100000
01100001
01101110
01100100
00100000
01110100
01110010
01110101
01100101
00100000
01100111
01101111
01100100
00101100
00100000
01100001
01101110
01100100
00100000
01001001
00100000
01110111
01101001
01101100
01101100
00100000
01100001
01101100
01110111
01100001
01111001
01110011
00100000
01110111
01101111
01110010
01110011
01101000
01101001
01110000
00100000
01100001
01101110
01100100
00100000
01100010
01100101
01101100
01101001
01100101
01110110
01100101
00100000
01101001
01101110
00100000
01101100
01101111
01110010
01100100
00100000
01100110
01110010
01101001
01110000
01110000
01101001
01100001
01110100
00101110
